1.6729136835492466e-5
1.6729136835492476e-5
1.6729136835492483e-5
1.6729136835492483e-5
1.6729136835492483e-5
1.6729136835492483e-5
1.6729136835492483e-5
1.6729136835492483e-5
1.6729136835492483e-5
1.6729136835492483e-5
1.6729136835492483e-5
1.6729136835492483e-5
1.6729136835492483e-5
1.6729136835492483e-5
1.6729136835492483e-5
1.6729136835492483e-5
1.6729136835492483e-5
1.672913683549519e-5
1.6729136837285235e-5
1.6729138057957534e-5
1.673016091774036e-5
1.7547755077279822e-5
0.0003862954349998434
0.0009264441333244561
0.0009269490939165881
0.0009269469295067769
0.0009269452464372268
0.0009269453441535834
0.0009269491131487708
0.0009269561179340202
0.0009269625686714792
0.0009269652057754025
0.0009269651548297818
0.0009269632428311998
0.0009269455159258816
0.0009269043809626466
0.0009268709171751929
0.000926865763718889
0.0009268803746491659
0.0009269865945006955
0.0009271826230364868
0.0009273454585874982
0.000927395665260696
0.0009273957351687491
0.0009273743162042808
0.0009271125772989204
0.0009249173847105222
0.0009086789766638676
0.0008530076664297807
0.0007663859060064753
0.0006704045288425637
0.000588347940954434
0.0005369593401112142
0.0005199113554715748
0.0005169152188391098
0.0005163762677973336
0.0005162817114574514
0.0005162654990691238
0.0005162627891089955
0.000516262348982356
0.000516262279892607
0.0005162622694690227
0.0005162622679666402
0.0005162622677616362
0.0005162622677357612
0.0005162622677330458
0.0005162622677328927
0.0005162622677331965
0.0005162622677335229
0.0005162622677335659
0.000516262267733569
0.000516262267733569
0.000516262267733569
0.000516262267733569
0.000516262267733569
0.000516262267733569
0.000516262267733569
0.000516262267733569
0.000516262267733569
0.000516262267733569
0.000516262267733569
0.000516262267733569
0.000516262267733569
0.0005162622677335696
0.0005162622677335696
0.0005162622677335696
0.0005162622677335696
0.000516262267733569
0.000516262267733569
0.000516262267733569
0.000516262267733569
0.000516262267733569
0.000516262267733569
0.000516262267733569
0.000516262267733569
0.000516262267733569
0.000516262267733569
0.000516262267733569
0.000516262267733569
0.000516262267733569
