4.999643650596782
5.000076839153907
5.000076838745908
5.000076838745908
5.000076838745908
5.000076838745908
5.00007683874591
5.000076838745908
5.000076838745908
5.000076838745908
5.000076838745909
5.000076838745909
5.000076838745909
5.000076838745908
5.000076838745908
5.000076838745908
5.000076838745911
5.00007683874595
5.000076838775103
5.000076858655448
5.00009351708062
5.0132863488847805
6.435088216478649
7.7508072981525915
7.753641842048231
7.75364564241587
7.753646852747117
7.753647483165356
7.7536461231412925
7.753642742421249
7.753638324573377
7.753635311201147
7.753634394953467
7.7536349691344935
7.753642027304836
7.753661422491234
7.753684598159086
7.753697828633394
7.753697363085571
7.753654744883145
7.75355851943097
7.753440648493144
7.7533643835672885
7.75334367874873
7.753350141574159
7.753456944438556
7.754408149445631
7.761813541030822
7.790049760300023
7.838664940887762
7.899640804098367
7.959245605038175
8.001093800771253
8.015927231165401
8.018583336070948
8.0190627757627
8.019146973390539
8.019161415777642
8.019163830776304
8.019164223157766
8.0191642847801
8.019164294080385
8.019164295420637
8.019164295603117
8.019164295625895
8.019164295628169
8.01916429562805
8.019164295627602
8.019164295627311
8.019164295627274
8.01916429562727
8.01916429562727
8.01916429562727
8.01916429562727
8.01916429562727
8.01916429562727
8.01916429562727
8.01916429562727
8.01916429562727
8.01916429562727
8.01916429562727
8.01916429562727
8.01916429562727
8.01916429562727
8.01916429562727
8.01916429562727
8.01916429562727
8.01916429562727
8.01916429562727
8.01916429562727
8.01916429562727
8.01916429562727
8.01916429562727
8.01916429562727
8.01916429562727
8.01916429562727
8.01916429562727
8.01916429562727
8.01916429562727
8.01916429562727
