0.0
0.0
0.0
0.0
0.0
0.0
0.0
0.0
0.0
0.0
0.0
0.0
0.0
0.0
0.0
0.0
0.0
0.0
0.0
0.0
0.0
0.0
0.0
9.66320671675258e-6
9.999180541383122e-6
9.999173464080362e-6
9.99901784842821e-6
9.998871693658202e-6
9.99896237904614e-6
9.99916019459247e-6
9.999319838866245e-6
9.999564096843621e-6
9.999538900459024e-6
9.999141209851245e-6
9.999176527636786e-6
9.999342052693627e-6
9.998948852605534e-6
9.998835243900248e-6
9.99894153129873e-6
9.999276460182074e-6
9.999397174066288e-6
9.999406847934123e-6
9.999529130935043e-6
9.999248738743426e-6
9.999144466382967e-6
9.99919521653687e-6
9.999064724939022e-6
9.998288299415064e-6
9.997992913996956e-6
9.99803243531878e-6
9.998215583086018e-6
9.998570582723998e-6
9.998993045060423e-6
9.999167298835274e-6
9.999191727211566e-6
9.999196734674826e-6
9.999197623908054e-6
9.999197774736492e-6
9.99919780347712e-6
9.999197805729616e-6
9.999197808824817e-6
9.999197807871776e-6
9.999197810639922e-6
9.999197810988142e-6
9.999197811025154e-6
9.999197811026145e-6
9.999197811022503e-6
9.999197811019459e-6
9.999197811018363e-6
9.999197811018278e-6
9.999197811018197e-6
9.999197811018197e-6
9.999197811018197e-6
9.999197811018197e-6
9.999197811018197e-6
9.999197811018197e-6
9.999197811018197e-6
9.999197811018197e-6
9.999197811018197e-6
9.999197811018197e-6
9.999197811018197e-6
9.999197811018197e-6
9.999197811018197e-6
9.999197811018174e-6
9.999197811018112e-6
9.999197811018049e-6
9.999197811018008e-6
9.999197811018008e-6
9.999197811018008e-6
9.999197811018008e-6
9.999197811018008e-6
9.999197811018008e-6
9.999197811018008e-6
9.999197811018008e-6
9.999197811018008e-6
9.999197811018008e-6
9.999197811018008e-6
9.999197811018008e-6
9.999197811018008e-6
9.999197811018008e-6
