0.0009970751176664443
0.0009970751176664443
0.0009970751176664443
0.0009970751176664443
0.0009970751176664443
0.0009970751176664443
0.0009970751176664443
0.0009970751176664443
0.0009970751176664443
0.0009970751176664443
0.0009970751176664443
0.0009970751176664443
0.0009970751176664443
0.0009970751176664443
0.0009970751176664443
0.0009970751176664443
0.0009970751176664443
0.0009970751176664443
0.0009970751176664443
0.0009970751176664443
0.0009970751176664443
0.0009970751176664443
0.0009970751176664443
0.0009970751176664443
0.0009970751176664443
0.0009970751176664443
0.0009970751176664443
0.0009970751176664443
0.0009970751176664443
0.0009970751176664443
0.0009970751176664443
0.0009970751176664443
0.0009970751176664443
0.0009970751176664443
0.0009970751176664443
0.0009970751176664363
0.0009970751176663338
0.0009970751176651047
0.0009970751176508724
0.000997075117491089
0.0009970751157443271
0.000997075097103456
0.000997074902413961
0.0009970729073473185
0.000997052779605442
0.0009968520696046492
0.0009948635470989377
0.0009752383913660065
0.0008528651220970767
0.0006200468530345567
0.000357311269123727
0.00014588730468563223
3.4316968214794636e-5
6.5465299792634725e-6
1.2119004792975226e-6
2.1671214419848685e-7
3.7246845375956404e-8
6.1657735842741346e-9
1.0360152047908494e-9
2.354922773066049e-10
1.182040008797515e-10
1.0208891882481656e-10
9.998173187954525e-11
9.97362391589448e-11
9.971026826927846e-11
9.97077846912062e-11
9.970757216915284e-11
9.970755604001739e-11
9.970755496912221e-11
9.970755490786905e-11
9.970755490491263e-11
9.970755490479538e-11
9.970755490479184e-11
9.970755490479184e-11
9.970755490479184e-11
9.970755490479184e-11
9.970755490479184e-11
9.970755490479184e-11
9.970755490479184e-11
9.970755490479184e-11
9.970755490479184e-11
9.970755490479184e-11
9.970755490479184e-11
9.970755490479184e-11
9.970755490479184e-11
9.970755490479184e-11
9.970755490479184e-11
9.970755490479184e-11
9.970755490479184e-11
9.970755490479184e-11
9.970755490479184e-11
9.970755490479184e-11
9.970755490479184e-11
9.970755490479184e-11
9.970755490479184e-11
9.970755490479184e-11
9.970755490479184e-11
9.970755490479184e-11
9.970755490479184e-11
9.970755490479184e-11
